,24622,35246,40637,27295,57311,57323,57353,57381,61221,755022,2863104,38885,53631,57418,57422,1785034,57349,65465,40749,37250,771242,57402,65762,32399,57241,57414,46493,1775706,11544074,30791,57333,57337,57341,699859,22422,56623,61773,67637,33903,57459,77661,177706,581536,23829,39668,57216,30891,56424,67408,28876,39682,22594,27611,57385,57307,60799,68697,27048,58686,27884,192547,4041464,36390,42421,51080,52106,55125,57246,23432,57319,165303,23569,22906,57361,57365,16,57410,32214,36108,186573,22132,45242,23134,41578,46800,59129,22277,22744,400943,37935,42927,55085,39254,57130,57236,57499,73937,2846667,21999,22976,24726,775731,51886,54072,27246,41308,23597,57003,57192,35447,39139,62434,49865,23512,30434,53671,40306,11544121,24251,43539,192423,203504,57200,57224,3742499,11524119,57516,5672990,1712057,57063,57146,57166,2484510,1149173,14003783
24622,0.0,2.5856912024785643,3.631726784673815,4.409458274329861,4.990646821334725,4.844881897462687,6.154940823638801,3.824818600929735,5.084863139493326,4.096585532748559,4.831552667520401,6.362086131868508,7.688199404547646,5.452693400080026,5.488337269514779,6.022546839276879,5.606830900583645,8.094947065135246,8.62903783550322,5.638188930892083,3.4441389367112816,4.247771532872177,4.236246115275439,2.1548963307320688,3.031151230340295,3.0039879900699704,10.405938072517912,5.7076942288886,3.7420737719649755,11.047905774603663,13.277987231212744,9.666074012295796,7.573963913541993,3.950454568780661,9.134115156867372,11.299932653066277,12.750593540629252,12.625393948054864,7.059796436112449,4.526055599485511,3.4458938171865285,3.7036788694981864,4.05886262674469,3.9071800914120822,6.414291303617829,25.050504544662047,9.140138849446483,5.499303926773237,6.785406214344935,7.612577417630725,9.508183135392708,10.034165352483313,7.484423772364842,7.827391133733641,8.71826513601857,7.107004878284791,6.138155813821918,8.818040111844866,7.467936606407668,12.949208782059785,13.360193951114345,7.797896796650966,3.488277235071214,4.48462746915176,4.15937453404554,4.916894000170319,4.442802729384259,4.332495804501338,5.209536485543928,5.7078653940189135,4.7488369957216765,9.721440352030308,6.106433152972198,6.521609698369428,5.338757412268555,2.68212349797855,6.958029425262658,5.214001643578618,5.863897031421815,5.853361734116211,7.072119435190961,8.789672638358708,8.992024066417457,8.396922169918406,6.398388466296968,10.66870332617064,7.896864759042285,8.800991707179211,10.701040497693347,4.269143269859834,4.806336865074965,5.936342322734965,10.017930994902377,10.861277601787197,10.858347783199795,12.02286311924438,8.428898691980107,14.752887125203168,4.796723004633752,9.742401507663708,8.37276087851267,8.015397937290974,6.343146076536632,6.491443728681638,8.302894078437804,9.989368494033249,16.75722750079984,8.86925807309558,8.253770092185757,9.10444163035507,7.0352337055739245,8.703392130165605,4.984890425319421,9.450236008323802,5.599417491500608,10.153649568800551,5.914617386306696,5.612333346579512,4.3994063316002565,4.932310105741968,11.8959770161205,12.892235583243444,27.59720361172778,28.402865931583147,20.70612424348417,5.754464154484256,11.450343351374944,24.59549957592798,11.471529965350369,18.957080366541362,19.166417425713874,18.516516220936833,16.491136370702336,15.527458682182727,9.113040462941244
35246,2.5856912024785643,0.0,3.1875679196441813,2.6798935184706907,3.7713321724830307,2.8655537133317726,5.108595776057212,2.5069194454273473,3.052808581940611,2.381715868930413,2.9478509530622183,5.717861654749186,7.485986635408309,5.536201225449395,6.077262201598061,5.111947884525353,4.702817780077804,6.7915707042477385,7.967234660618315,4.653250148069351,3.1540455906544067,4.48812241976176,3.071036790626063,2.901840596547133,3.1513011572011114,3.3327389219356447,11.864986758100653,4.780221841310661,3.5112282454685317,11.148706492535048,13.024255958284538,9.233845442092212,6.877581010199483,3.6138759367867754,9.121343411461517,11.814859790223583,13.358685136187768,12.711897729539215,6.615560833976754,1.917162318025923,2.0374303519848693,2.1818329081957013,2.636934339253883,3.646412253789253,7.500599650160382,26.906170055086733,8.277504599648397,4.285526426010172,6.0107042933721315,8.206330546824475,10.059113161670865,10.81652123342694,7.454548284972293,6.829335980190178,10.2092909483674,8.464895874247643,7.44608547089643,7.17263860141871,7.675989247534087,11.872728539104001,12.293753217482179,6.047971156491759,3.944309020274538,4.451838063090626,4.864996425715259,4.394192945195274,4.33196810767511,4.5246158863084895,5.018015429643822,4.625227459351988,4.711253337448939,8.603085898669008,5.764870952793501,4.949766977909973,3.493648648388985,2.4621314257123483,6.164981825947318,3.7802875289321376,4.89024428188234,5.196713500602962,6.701490842085935,7.458642527704385,10.378213879599352,8.948421018308757,6.965101545360482,12.414421644564394,7.43042533033448,8.722404180380215,11.154990776154767,4.546327227248151,3.768210417629441,6.18227985804748,10.234648992344606,10.928181883543537,11.299462603871309,10.279024251644957,7.751350213854048,13.597909393609445,5.3929541372363055,8.914873132201858,7.188123697128082,7.687212606923392,5.682972523933801,5.653041297612371,7.662819946921139,9.774335572087013,18.557635687870086,9.229532603505001,8.39934612465308,10.660958522298698,7.881730093004179,10.122807459007777,4.918249369975747,11.293223459330026,6.546187663089481,11.541673936797123,7.251667495208767,6.910958774184498,4.931051581728004,5.145644774149522,11.401636216796614,12.584512083456827,29.56050342717274,23.55808901770425,22.63622602216005,6.381281881864963,10.75083105697291,23.706944958897832,11.132086610810498,20.3532283444665,20.52867303984606,19.921411767694142,16.26143701296746,15.66142729138247,10.04324902107817
40637,3.631726784673815,3.1875679196441813,0.0,3.9846753520835057,5.22797637387507,5.905472786696522,8.184366007534539,2.947215787586397,4.218063183248729,2.944287381480236,3.4826947719050927,5.918143208822068,6.098350027742112,5.038696452067539,5.972991947800216,5.468623597281209,5.581056349248545,9.82913250091836,9.801873940625546,5.422753103461058,4.271996651211453,4.291053237188533,4.608687370359546,3.0987148356853202,3.435560604018736,4.400812633403807,8.401604233477649,3.805048483274754,4.259212128329845,11.468919267658013,11.328198061027713,7.718467594024089,5.577536377836977,2.9188287247326308,7.698444022606156,12.312837853752322,11.237011382184203,11.288840943886868,4.816893489877554,2.1012931086972446,2.741366013800713,1.654602227307893,3.377166800401693,4.6375235209784265,5.816415575677764,24.726028322604712,10.568938562020842,5.9288830367756775,6.0563773903348945,8.029410980976769,7.829114205981281,8.66772378982295,13.506253170548808,6.569347372614085,7.462764123814961,6.1820621564296365,5.217872922515306,9.131985133308655,6.909607158056462,11.845253292260443,12.019592282926858,4.761448131070848,4.191856703083907,3.2562787018173682,2.7117016793294253,3.7414903303468816,3.589049388555705,3.7597713496975698,4.350168466385599,5.103034108336555,4.134019376539243,9.700600523938181,5.9922868335219075,5.696411706065495,5.62231552599561,3.224762349163368,7.212402028675465,5.269765369262646,5.752115818475299,6.081485298235781,8.924468213341433,9.42602679073186,6.849003816926004,6.02817253853524,6.849303892751171,10.082609454373205,10.034127820107248,7.724899347697805,9.811237937209977,3.1711415690588636,3.9046664647360454,6.1487433400734535,9.518454488227471,10.705264925298517,11.11536726432301,10.08249162364884,7.4702570011925005,12.213479307893712,4.0476320291627506,10.767878592711103,7.331353612840095,6.503900435433418,7.373316453606871,5.978827748491031,10.203948893923235,9.535103850311945,11.171621816423112,8.80446183941545,7.451101469544804,8.875037214614181,5.903664129887648,8.430206686111568,3.9516315309321848,8.506262873968142,6.806054014251615,8.338031891888813,5.7500398576117675,4.8033396383316544,3.4820445646799487,4.037219861608413,11.918445265567122,13.343580382008732,20.955331486400738,23.08647895218961,22.14203933997531,6.272474517976543,12.110832896845043,21.888649600336603,12.679247463574116,13.359564710511817,15.882463084166536,16.868563417957812,17.125752233195335,15.642523973215429,7.5801215452896855
27295,4.409458274329861,2.6798935184706907,3.9846753520835057,0.0,4.159990424444225,1.7751613343972297,7.478065494754413,3.13988936312982,2.8865613289593903,2.3010401682318564,2.9916845975612,5.445428616104892,5.868598517715299,5.60085003560562,6.690276320471828,4.603699606646507,5.777443811811617,9.503765973280863,8.848508955505643,7.825927614494493,4.373838149853528,6.79784774658352,5.673340961047107,5.168174392583642,4.883851919633822,5.4358777929286966,11.43149500029568,5.340974736454488,5.80953132801854,11.730570120140287,11.727359321531306,8.327917081227532,6.045231597960771,4.746857492494804,7.886288301021667,13.218025491034496,14.772495037741157,14.33665870261704,5.235313018131786,2.1080204526186512,3.1872912485962703,3.0634906331983274,5.741715711657091,5.703927425359697,9.681081202538103,32.22475758486951,8.68213879591576,6.964813185342276,8.284270022624522,8.009892395080941,10.683975494752598,11.346771607506815,11.721060017322248,6.57933972432629,15.059895838240598,13.503184214537375,12.255127379662486,9.29864683886109,8.65369944526746,12.252976941525139,12.886692309932721,5.046673614686286,4.554873909807335,4.866056085575139,5.284946585077351,3.907033807414165,4.963038564674313,4.273858041359387,5.2857722778660365,6.131930200128372,6.656655256815022,8.459531553414894,5.55767270004271,4.900923504810091,4.952468036069233,3.1200137864845456,7.948847017573873,7.085286848521583,6.107185729416479,6.373066158234716,7.047262385841684,8.441901630060732,12.560154020734652,9.74849828292828,8.428420568717248,16.51989977642591,9.011961854681523,9.099644311471996,12.902818494271798,7.214192407680159,8.03549472045824,6.466010306306903,11.461827832131034,11.194567160146061,11.756147222968458,9.371764825930516,6.127854501092099,12.733619292353952,6.187974858574898,7.885308959563108,6.651822202838996,6.366552688567412,7.766964790530833,6.68411830388071,10.089141200646147,11.223899008549719,11.631278364234063,9.915178249328084,8.824946908451164,9.73992525668501,8.27627086441184,13.085137214046764,5.791254931686169,10.56637804958433,8.416306215665779,15.230650195221381,8.238876363725511,8.145094383838737,7.680175257136956,6.653026208564081,11.092973966821141,12.613369082037165,21.805596167902728,24.6900087672101,23.93472747553708,9.723885410653471,12.65902662316012,23.02370070395424,16.466957612836033,14.395404242581826,17.878770571762015,18.735096010146158,16.611184680966492,15.05249045657513,8.582417407207133
57311,4.990646821334725,3.7713321724830307,5.22797637387507,4.159990424444225,0.0,4.214833011730669,7.6037182413346835,2.158009179765121,4.528740016748971,3.873351965225651,3.2952819062134755,5.454559776153964,5.52553224457145,5.188115648961477,5.8645434486615065,4.897948674798315,5.724388644281744,9.169749745798986,10.17231062231026,6.627703667971869,6.367826308767524,6.936876541525233,5.858871073315346,4.288656834853927,3.7821972793536625,5.368711263709811,9.633646983554648,4.424435703120205,5.833636122560932,11.667506183165447,11.51323318943927,8.011438443123074,6.450996585010781,4.788343148251324,7.977119353603703,13.187889736248838,13.476857480755365,13.59454201850088,7.4820949557820216,1.885160070353089,3.1495210875752337,2.30732752246368,4.378429688804082,6.1525050927280684,8.550887117029678,30.470747061159727,10.501846000041237,7.548499880911067,6.991752539750997,9.697777139101344,10.838832284019093,11.126615952820844,12.744484870854656,6.234064399332769,13.430530895313675,12.177942500649657,10.954076826348135,10.076179144546069,8.191118158655426,13.732590371030058,13.248456297266188,4.15023866195904,5.110994023471382,4.7336330991941145,5.028023152028784,5.586839208141198,5.9890903432560245,5.253580873714188,6.98023743818274,7.77945442075324,6.689849853672104,9.295698365981886,5.643464912409749,5.051214300471297,5.043659283190359,5.060481863141993,9.556132635232949,6.497987189836455,6.072047938436155,8.008209672646549,8.81788063069376,9.775469207192621,10.914497199512182,9.072070042517486,12.244003466541564,14.98873667989829,9.285805390989427,10.567217432520692,12.592842241805071,7.4063484170676155,8.446112568507507,7.389761086870122,11.244433001539898,10.821453472797034,11.463651639556984,7.908218089969684,4.691998391146465,11.703876348755431,5.846267781415331,11.125230852515653,6.525888282328051,6.090805602512439,8.479386784508268,7.365310056110119,11.470255323458296,11.17424054858703,12.629067888723787,9.514985964678695,7.675897404009666,12.155570244829738,7.91921383499041,12.140357526296066,6.5520790985045165,12.110944130237995,9.60121969533349,12.670246447967722,10.148546212119607,8.519429957733465,6.875506449550535,6.371681230714993,9.639034794247085,10.830412362047612,32.54708433671927,22.02491790679903,21.45522975065959,9.312680699138383,12.217977951852967,21.443088108562616,15.53122871599291,13.842236116439247,16.895983910776746,17.783817297558183,16.96688333640385,13.692023340215663,7.5752582569028215
57323,4.844881897462687,2.8655537133317726,5.905472786696522,1.7751613343972297,4.214833011730669,0.0,6.071043672158722,3.445689839242717,2.0329172408829974,2.18463053501365,2.7590725214364586,5.775398528466998,7.151944100563317,6.306717228256162,7.692668247571954,5.193256768104563,8.889427360019141,10.227319332057832,8.986096847634995,7.868158438164763,4.837396365785219,7.904819759658363,5.672629251748237,4.719788690572634,4.457294551624604,3.3941856949845053,16.354296082438147,4.571342643831744,5.519310325194873,12.065160958684439,12.395203925460352,8.859885277849031,6.834360519228277,4.523125947598389,10.87306357156951,15.312474250459536,15.002045357814586,15.012140442376191,6.093696582606646,1.286791357194795,2.6996251328856937,2.416028311303576,4.822995042127442,6.404834334951321,9.102976432592005,32.97746523059766,9.49764181564641,7.308752564934425,8.710184746089782,8.824643632286858,11.720642816026698,12.091688109449947,12.86653146896079,6.888572253939139,15.081914392843496,13.65839327695053,12.375518491366957,9.933595463924066,9.656293766329597,13.762606657955404,13.947150519750986,4.716484715672333,4.509557557966245,4.016600042046529,5.528302339434045,3.9506995595591663,4.27894827504098,4.0375359840802,6.722434110342067,6.87540839161398,7.486710539815433,9.112517415982667,7.817437521848191,10.48857525499863,6.349706895530525,4.080183571213679,8.782613350449795,7.318155565278034,6.742189097396638,7.2767840291612025,7.599236841254157,9.025268947170186,12.395068830136273,9.484223558042064,13.588413314884377,16.566267513896204,8.899486637704829,11.496669936674248,13.202514458162831,7.582403258291283,8.483123112016068,6.620651752601828,12.111989704587426,11.736201825655858,12.251191411033401,9.461378054109076,6.4008808991977295,12.40005925652041,6.5019390684155205,8.488843552334528,10.6962857548592,14.061579084073484,8.634791080608696,7.212915179546275,10.757612033321674,11.707651415829988,25.059480133519827,10.194120056789936,8.479046179421921,12.92868557206456,8.364291124225598,13.078248872632532,5.775732097559492,14.095562184176154,11.345325909152246,14.81838925454963,11.218782473604907,9.653254062227969,7.727976271116543,6.926194532181739,11.227275126717458,12.795874988518484,35.431387718043865,24.77182308991165,23.8706932580939,10.627917468220344,13.50710832525953,22.553237099197794,17.47434504048586,14.271504788788457,17.534154238962508,26.821967439617353,16.923417600703015,15.62411383969991,16.8253820512316
57353,6.154940823638801,5.108595776057212,8.184366007534539,7.478065494754413,7.6037182413346835,6.071043672158722,0.0,6.7409198866000315,8.806919972505108,7.7049097178819625,7.874322232900708,2.657095791736256,4.068082186827445,3.93862231827076,4.843840330794293,3.686801425327505,4.877040284444848,6.640509944385331,6.788056730853006,8.399746259979342,6.633882834119297,6.962975558874751,5.505853382178954,8.09959051883743,8.809672146432026,10.13969770452858,13.18081686065173,4.244481634089446,4.704769544414627,6.974364349182537,7.257981767306407,5.232118396788481,5.598457469897717,5.826615495966581,4.889318492270156,9.737649575358105,8.758566251380904,8.118163504972904,9.087631172976716,3.9165128606714554,4.4325840226941295,3.9825708895518916,6.796906774073893,8.266860733531633,9.14621055163531,23.531545534128984,6.421552781986543,5.13080832789152,5.09001547339949,6.821377319230467,8.371306319233673,6.985643556878448,10.414082241247792,3.24372612009469,10.539844790616394,10.157359766486586,10.02062651093835,5.463219788019543,6.454804372441236,8.22696279173138,9.392970160307785,7.191511102614276,6.340067807904996,7.9645755015717725,7.836029035579161,6.670204151135242,6.791833980994889,6.942911104827127,5.496536296529292,5.302458754867083,5.487288151273701,6.321829254465071,4.8210753870894845,4.090752983603037,3.1105843245979408,4.813947162511672,5.673755595518689,4.908860053117656,5.027741572421041,4.634778531592959,4.698461418807344,5.362052626788144,11.34278689850592,9.718983653911385,9.035586338357733,12.95988951958777,9.310566426057424,8.46376174367276,12.815530724045667,8.760169609394893,8.753548915291036,6.209300569916677,7.755434073501273,11.947878752399314,12.400373725821092,8.355255810561978,5.905287604833345,13.826413092600935,8.123707237553344,5.8597411169616915,3.5232977937376555,7.058027078576902,5.94715310930123,5.821122721063772,6.301658729329607,8.459181595734371,11.509847086937741,10.696505739543568,7.681010073632491,11.996518633462207,9.506136672923338,11.13653599821559,8.20802668935461,10.648051696412168,8.421295523805995,11.79039014281723,8.497734955180137,9.165665240231004,7.049492377644319,6.994767385636881,9.841114038720884,10.058325353714439,26.17217829408202,25.3874033903895,24.462092112561532,7.666431991559886,8.426929131227407,24.50557550951685,9.38997035250009,15.455457394600327,17.617556168480462,18.92204532620801,17.105737229527158,12.00345004261253,9.86716404864201
57381,3.824818600929735,2.5069194454273473,2.947215787586397,3.13988936312982,2.158009179765121,3.445689839242717,6.7409198866000315,0.0,3.028926830213381,1.4975771669536884,1.7089195609952468,5.121908100015588,5.649616272249702,5.105957133292506,5.800881142238323,5.581656953767992,5.991793466601952,7.572989387268855,7.6897876797051286,4.867451554521542,4.669942530861584,5.210107869710072,4.619676546387197,3.288722303060064,3.6148390052394452,4.450888125015216,13.76595235208716,4.4921071396392955,4.808861561334017,12.103597092615864,11.889030573249604,8.357806383650187,7.0368299428113295,4.388837855779632,8.479680697379848,11.466257595757519,12.1997834026223,12.881599505539072,7.22939365936779,0.944107548971192,2.162655463088614,1.5815763214952012,2.0246225774705837,5.8737039404633204,8.723452903038174,29.32648247630137,9.089004454846213,4.560923381817137,5.419840837671193,9.882542911235724,10.40357642267901,9.46760066291606,7.823445479707062,6.422980067848367,11.932738537974577,10.24454599806711,9.069225207706307,8.325847349958222,7.90285046694453,12.153752324205078,11.939318654169663,5.517983714029327,5.418268387201402,4.3905388088652275,4.738694843549252,5.41550094882576,5.233183182358077,4.712018599649713,6.592407550167242,5.15609727887448,6.098304567002277,8.514445881863686,7.354585126415922,7.153263713346468,5.014542340671043,3.5354565860794795,7.331111971893166,4.938381139383997,4.890752916796909,5.772479163667133,6.948975302409969,7.695680714767461,9.919004043510066,8.850941426352835,10.604837874119355,14.53000025781721,7.666756874399103,9.648012412553078,13.000313635984536,5.270745576597623,6.302583080221921,7.5508865941550605,10.153390208267979,12.424655140713558,12.881111846830704,8.715982832244794,6.038373131533878,12.9354145704224,5.795023673030254,8.781822913322513,7.762401641981858,10.496602680006948,7.614395541667303,6.872014084104836,9.917958486045151,10.942476060843216,21.181676744433815,10.461281385741652,7.862032978217562,12.33438208981343,8.372796453944888,12.108642611865964,5.414884599346271,11.553240371426835,8.248709076447344,11.938799169102593,9.379828703280532,7.871975153111948,5.23318387125257,5.59434742850903,10.825733214441051,11.944185050123432,31.456998489609077,25.062063412215593,24.156688090989608,7.704551556229937,11.050564056248588,22.767555268754485,14.043671585574149,22.18111625922732,22.773456811605065,22.515722022281814,17.78648949910756,14.506089354545178,13.437221783005294
61221,5.084863139493326,3.052808581940611,4.218063183248729,2.8865613289593903,4.528740016748971,2.0329172408829974,8.806919972505108,3.028926830213381,0.0,2.28233299809846,3.1550665212688123,5.727938061015865,6.75546456490914,6.5043669496757825,7.609995290327541,4.971636736525254,8.491886650149883,10.235852249676784,8.888385383491716,6.770156357942699,4.6667250216701275,7.946155039808032,4.999679264672671,4.763180368970491,4.808439068903397,5.770156624606017,11.85668384390239,4.859703587536294,5.721345550835428,11.860064153853132,12.45886092624541,8.7157508765232,6.646718468306521,5.016351484247638,10.643913758979275,15.38797135084108,13.615347612237356,13.300319210992111,5.616372414476501,1.8565988852554303,3.1765599695055107,2.9213815286118128,4.675717281786371,6.032571366422745,9.177771355838718,32.90407020994055,9.570655188561423,6.797739640446885,8.143831966603198,8.756361360772459,11.043015405985651,12.602439579192554,12.730052261516928,6.7805304491843685,15.006171973138237,13.386910336305345,12.040378416848508,9.188832011242297,8.822398304328278,12.661564225076512,12.945470655161442,5.782750708451623,5.032131005691825,4.725570774099015,5.407528933263945,3.660801195107293,4.689111137806223,4.056905135085561,6.385111014505567,5.908400208572949,6.904147357381626,9.190206576545004,7.572318386227563,8.107166143119482,6.121584986220924,3.588958051352784,8.194352351797887,6.402363948262033,5.992193035150773,6.724355196889967,7.157213424306446,8.426455311288175,12.290526616613016,9.389951802803955,9.648281200868794,10.920125278883424,8.491662861814119,10.89962791081359,13.080328071637279,6.996256535111744,7.492588180307134,6.618864688900446,11.251681953052811,12.12980705575554,12.709192501460596,8.82341463019729,5.377504786866594,13.255157889437362,6.568791084560427,8.03223445609257,7.091672762418665,7.227347198597127,8.182937828794715,6.772350926790732,10.36037607994818,11.08041130337726,12.757501617498637,10.772081623371689,8.75288005830602,11.192001296528655,9.539274938120943,13.189180406072028,5.509768541529967,12.441665059632156,10.1474221710471,12.109330061209718,9.004686734840078,8.996692414262707,7.338785361874785,6.836067197300313,10.821553909139084,12.233806714256719,22.31812477668164,25.210418764752195,24.40066888160766,9.258582972024715,12.858003414800198,23.15564287825462,16.754955791602455,14.636702086862359,18.032233685996733,18.99535579837214,17.00804065260251,14.99849844362581,9.072293268464431
755022,4.096585532748559,2.381715868930413,2.944287381480236,2.3010401682318564,3.873351965225651,2.18463053501365,7.7049097178819625,1.4975771669536884,2.28233299809846,0.0,1.6726986964334853,5.0673380785917095,5.7693958857690335,5.151415471154153,6.2169871361020785,4.730290221026841,6.123162160988558,9.45923402123581,8.791789795227132,6.860109637476218,3.7997159846693607,6.548560477642235,6.852008117107378,4.034058608923681,5.852110026359045,5.480934956992222,11.731030068648682,4.746159260456045,5.551648616308676,12.682804527037606,11.808729900419447,8.278595412416554,6.535283880656467,4.789404281073749,8.511157563578713,13.395423927008093,12.176630118700528,11.807475827305296,5.7910956286683355,1.4327056784195455,2.3146572881285223,2.6047569684705567,4.106505132139534,5.873427760622461,9.329239258803787,22.055565113479506,9.684543942183971,5.308400984388084,7.196420450864605,9.695780770056112,10.239514630552245,11.018635974912813,11.314842095146327,6.458308667129859,10.352519441465764,9.809796420581309,10.590399789983238,10.502447382244716,8.082735915509389,12.453729374913557,12.31954999763509,4.382766899473655,6.448304473084912,4.538680723784737,4.683801090026004,3.929080257175556,4.779408552022192,4.205962597460593,5.877896677492164,5.422774751169569,7.183205392156809,9.802642243662271,5.781958536413069,5.404171580098365,4.9220673678615725,3.7429780692018104,8.8997497083222,6.95320673780409,6.261436036709924,6.433717299677327,8.346725516924435,9.392423921138148,10.605115333888385,8.364096835068947,8.929625874231679,11.106389093396714,8.448951555280068,9.718492580396159,12.976096550730794,6.108215106369393,7.528085296073826,7.132323084204187,10.673609172191574,12.077745743705762,12.582426720652073,8.689262055919935,5.7072378533127335,12.01237585437064,5.385581112227944,8.762137967481028,6.504206887251345,5.972202202694647,9.8653442268661,8.547429951009809,11.562633154213351,11.693983118011756,12.59833935790656,10.43083411157021,8.43950260003436,10.860190401625491,9.168611340129786,13.97942850190195,4.997946131646382,11.335704742467223,8.949123638627684,11.428581776386185,8.712192100114278,8.627976884971345,8.220473354714356,5.21448309565094,10.513888333069369,11.994264930223254,22.575873359642536,25.298473988549063,24.51838392492361,8.946477491585636,13.66758653986152,21.935536329027958,17.58550413481618,14.86744264983904,18.054088135168776,19.148126249980116,17.48883728110976,14.651394749667821,8.849325575863528
2863104,4.831552667520401,2.9478509530622183,3.4826947719050927,2.9916845975612,3.2952819062134755,2.7590725214364586,7.874322232900708,1.7089195609952468,3.1550665212688123,1.6726986964334853,0.0,5.441985316189871,5.682397138687004,5.785267843086556,6.177748820261193,4.738404486531872,5.763146215139503,9.822138279209225,8.134595426926687,5.5488044289290634,4.9443547387017945,6.8481711946882555,4.8529113063692035,3.8039834060667626,4.128889650408617,4.820498816362003,12.102857360628544,4.153190780767542,4.522796852037959,11.857905122320053,12.523945362992054,9.02719149380573,7.182968093519731,4.87126478914316,8.398146024132084,13.702838225810673,12.494337178504809,12.60384232595971,6.784007367199702,1.940265991005782,3.2878100588549954,2.6760367540793744,2.8980640215813662,6.531327583226437,8.68784613068756,28.804835339966274,9.202307641604158,5.589071902097487,6.417411023033155,9.651001291671426,10.21209777827067,9.596036567279159,12.13615641027471,6.655077518893822,11.781251511328684,10.472273444939578,9.474218584396082,8.48473416362436,8.264961879041618,11.927838418529465,11.649651440825917,5.312224744088602,4.978370908743936,4.5075064335000885,4.969196979544786,4.291060967838023,5.234473310476923,4.943624882776338,6.164383152546297,5.427315172801021,6.171815936965113,8.157042786355587,5.653713550508197,5.12734025390218,4.987138160650543,4.07736277060657,7.405973273924113,5.547468838132927,4.992205168417606,5.864514096137798,7.224200476571669,7.997334094182039,10.189348112217745,8.567079904295985,10.187048270657955,14.241121169004895,8.121111229795089,9.801445504583393,12.701894885251482,5.628871927927083,6.541879237505111,7.367618150737983,10.35003181275979,11.926732439708465,12.459883128428839,8.287874460813661,5.100030295016299,12.884832983569972,5.992650646216397,8.839557494328023,6.695677539106281,6.663923744206913,7.706610950433449,6.735824860587899,9.808854157022775,10.501033116905512,12.762685004690622,10.352199557856338,8.602218686961434,11.606220414964712,10.163142087699978,11.794156636910403,5.663663594357974,11.814815086858259,9.179827954180448,12.202342728038492,9.31951302717514,9.112884537950844,5.844150536358568,5.371879281870956,10.440763352171635,11.818907525479105,22.193763547822766,24.988345331801746,24.17804454614968,7.407221916337941,11.44514447539086,22.84687005374328,14.007630976238653,14.355469024985839,17.59748938313047,18.56297659206493,16.870428895189963,14.27265286372282,9.10151561722775
38885,6.362086131868508,5.717861654749186,5.918143208822068,5.445428616104892,5.454559776153964,5.775398528466998,2.657095791736256,5.121908100015588,5.727938061015865,5.0673380785917095,5.441985316189871,0.0,3.9720093256966775,3.6243972147237855,4.56169656329205,3.763313416267664,5.733950133003589,3.4467885685249207,5.854387922146756,6.039400203877672,5.882063188610322,4.988809254122993,5.419636620494483,5.525888389684338,6.918665966352176,7.226851729835501,11.91944153161357,4.015676724994446,4.503126633964514,6.694981827656474,7.632651752232334,6.0096520967709575,5.454275944910256,5.146917850729907,6.086642075134043,8.671475108390624,7.886036764972664,6.81291350554241,6.889826010588176,3.84183046835242,3.7177374908236427,3.4356670374684066,4.963729782188068,6.420521207546749,8.79617341751052,20.275948913117467,5.04684477047547,4.006518727476755,3.846956463587147,7.40142802661468,8.086267387026464,5.456905632629292,5.30150568718118,2.704045206027585,7.747183421012913,7.692632551976307,7.770365606991389,2.6949548612786574,6.63877467996316,7.763755024963442,8.701650994531036,3.651516572670568,5.82577139414629,6.007449038516231,7.191919418035961,8.097476199761395,7.647307571901421,7.640435966223381,5.643838589496267,4.021088628360208,4.620464775119532,4.086656607427729,3.2784225317561666,3.3522935353577976,2.6322391981751414,3.582602479907458,4.153147158348931,3.5664906104672736,3.3486634202645007,2.907381297577544,4.771520358787007,3.462976301664839,9.794534150965246,9.249168299434091,5.718768348191293,10.677212290416193,6.876373376504068,7.9918730805611045,12.872515964511358,6.973757528288314,6.7597985166920775,6.704886480939172,8.554428255238523,12.471471901802783,12.758743722235208,6.013984638516509,5.9790508792622505,9.758529620174652,8.216967692215313,6.9739394084895885,2.45752332616137,3.432624212334427,3.7739290354096933,4.1742270049317085,4.512912004492849,5.868146714665233,13.701901732057983,10.687750379178809,5.929893715121444,9.409064302499713,7.994804686659002,9.657511565993971,6.212184022334623,8.374127267298501,7.792191288939282,10.36187320093778,6.917275253022852,7.188593549040394,5.9115824952996165,6.782494488831108,8.18776168842172,8.760201391278915,23.990598726755767,24.93191841610017,21.209696514658766,6.24750460012769,5.645144415514706,19.81862985863765,5.867217326851536,13.307990930573876,13.074532633480597,13.106626207848848,19.069582868171125,12.350195527430898,8.526332396226396
53631,7.688199404547646,7.485986635408309,6.098350027742112,5.868598517715299,5.52553224457145,7.151944100563317,4.068082186827445,5.649616272249702,6.75546456490914,5.7693958857690335,5.682397138687004,3.9720093256966775,0.0,4.100003821576846,4.532040225368461,3.6875285392537185,5.3453760276134865,3.972475009563442,6.5052126870016815,6.185364970839251,7.375177947277964,5.315147546437983,4.264792184900553,6.146733377207915,6.462508659763235,8.014844756344376,11.652228460674225,3.9253029285839354,4.676562240092685,7.571992951907458,9.176112621966087,5.562545787654381,4.277658428388316,4.672280276383373,7.101657548476558,7.914872204176958,8.129406223878338,7.784741939204982,9.411970169394564,2.825897282496218,2.930097388497708,3.2644790232696153,5.501776800679674,6.809466204596875,9.527844882757595,21.168435258081086,6.6756979695301375,4.500190101554245,4.764195609499995,7.761742790414264,8.49902644586264,5.976599989075454,4.082012573375658,4.399393944735943,8.107080992655176,7.892382156857975,7.961603549078318,3.718898521700798,6.377182508475624,7.509700171912341,7.889561768955912,7.261080949058516,6.0690495529290835,6.888551744888895,7.385748248326536,7.178925719226955,8.409058532160126,8.202619776549895,5.763442498364381,5.369534454713465,4.35393083480729,5.538483695315873,3.4188971242301682,3.5164207451815095,4.325059076109173,4.739435353766044,5.788643776109809,5.059591531263082,4.21309306547578,4.678075948675083,5.324995435887541,4.859697534844892,9.48633805679571,9.389344511287693,6.2047626230135435,10.907401511956284,9.11443098062582,6.939183251310361,13.32464162251858,7.806460875984967,7.438328800592992,7.063074978756544,7.583713914731375,10.670061810046214,11.204383037929727,7.907983113064938,6.31053448361607,14.531290054892596,7.533034013408422,8.023483178687504,4.2094225519215245,3.2166307563433922,5.14877517322774,5.739535331803539,6.133450722679701,6.53046981179811,13.283986443876024,9.96396228884861,8.615977589198964,9.700564185647385,8.440149193585064,9.769364979868966,7.082074651856735,7.955327635745373,7.400325279341956,9.981687294286113,7.499037749598744,7.20838096643257,6.690349192834598,6.536920904336535,9.93830811375184,9.534091372453899,23.502483139991018,24.19048773782406,23.28267390084751,5.602752380605179,5.859291287826916,25.1615210016364,5.355275966079206,12.189568843102164,12.381822602383265,12.762799011493398,15.504528115651468,10.015319634589975,7.954981977374622
57418,5.452693400080026,5.536201225449395,5.038696452067539,5.60085003560562,5.188115648961477,6.306717228256162,3.93862231827076,5.105957133292506,6.5043669496757825,5.151415471154153,5.785267843086556,3.6243972147237855,4.100003821576846,0.0,2.3231689724471782,3.9910399311951745,5.4121918578698045,4.353676492469717,5.363561401927144,6.870369356465331,6.123918714029003,4.73164632727488,4.879109601757153,4.725694025396532,6.255283572905773,6.636647704694722,10.069019249607718,3.9850591014756023,4.094776730731427,5.5763681743811855,5.006069847114882,5.532792252274823,5.161697223331885,4.9023128658965796,4.9133423174108986,6.663728868455411,5.894084272071774,6.304438795784617,6.519915515258654,3.6926569983302078,3.182690996052136,3.6929974009700337,5.251054936573432,6.3993222514072885,7.812602502590839,17.864088909594038,5.714955803728484,3.6788582248531783,4.475996923521239,5.874939828557035,7.379977767100894,4.0092776033002515,3.101796311069273,2.609680978248875,5.698952833331139,5.625224864363016,5.754614685516734,5.104892889346551,6.370474308858538,10.527739882603141,10.611519732924855,5.904721133003369,5.412828590482599,5.9980983802172565,6.518386926578826,7.535440071091099,7.461874467867611,7.004226664439638,5.526606178341962,5.785237125387897,4.8431999366347505,5.3518739410032845,4.412167152497942,4.4370144577115695,4.287408197754343,3.337595567510294,4.505571872368117,4.366842524502436,4.709773977803339,3.600059925166345,4.527291280089879,5.1591412315443135,8.047824775053659,7.944171861122252,6.82336879565806,9.12393628671476,8.205404044406402,8.45266378740603,12.946621953612102,6.969922414623577,7.092567438293337,5.4929387413525115,7.3601196246726035,11.726430146100862,11.816147029603718,6.219663008676201,6.771134703884663,12.850241928867911,7.834799436500221,7.34771074644576,4.3898146786995556,2.596034116768875,4.285372840288425,4.8938364223269675,4.310763487112247,6.38128752499888,11.22588659433272,10.229954824897376,7.0347222807417324,7.887304867480993,6.951136559054348,7.7067125307370405,6.324192351451543,5.5940490214114575,6.536265933730539,8.32548427009069,5.539082880895549,6.072672159794788,5.260820123995059,6.248117746558925,9.985053241590398,10.331994475304004,19.82551881625534,21.977436634557773,18.52005248919668,7.724777472593201,6.3115884606009685,23.52209788218193,5.710297454081044,10.691999537477816,10.464774718035814,11.03917958123031,17.20481948662315,12.236244966828755,7.948153126576657
57422,5.488337269514779,6.077262201598061,5.972991947800216,6.690276320471828,5.8645434486615065,7.692668247571954,4.843840330794293,5.800881142238323,7.609995290327541,6.2169871361020785,6.177748820261193,4.56169656329205,4.532040225368461,2.3231689724471782,0.0,4.7186692881486705,5.302923064995088,5.002361514801847,4.9879866355680536,6.147263638840686,7.208960657187741,5.013459926158048,4.8521939329856485,5.642984808937473,6.280584605999609,7.31970651475563,11.817267030734648,4.905334242649539,4.8528539252880325,7.569087092963825,6.18206793110659,7.097030276747332,6.755706881870437,4.9844258280302585,5.8638081788031045,8.200363709907666,8.128439805452928,8.290931532984283,8.525946445149094,3.1608745880824456,2.7614133144538924,2.885202410842367,6.005411817093802,7.257736736129478,9.877193741986797,21.158731199413555,5.496429162451205,4.745857041151354,4.674655923166967,7.852172729759687,9.305115990975317,6.298687063751,4.145200156879803,3.513557342245559,8.418994356090867,7.876143636195425,7.702984882334704,5.478460576566274,6.559344962243988,11.3396744547992,11.271194040246577,2.3216201187123144,5.667909077295285,7.728493415290168,7.640878915998143,8.992174303414144,8.750691036211853,8.309151161051394,5.990689900307926,6.514016105728332,4.595268607816269,5.665064334092214,5.3688304228150985,5.371803970542466,5.4224589150845395,4.704364082638409,4.529165807992063,5.687000464402135,5.264834449203789,4.2546200382319395,4.877982037485121,5.729260302476412,9.792120188299881,9.824631796156327,6.857207042794628,11.332606583580453,7.046736433685146,8.178064242507949,14.389821236361817,7.931524753701393,7.466674575214583,6.957780629553564,7.902295636802133,12.726616684355847,12.637640056094076,6.458753447024399,6.034978487774346,8.928748383894495,8.179600822172908,7.788026848112858,4.99804340685322,3.9483818611047408,5.612723446748366,6.5715304907476195,5.5876988686568465,7.7991083093435485,13.868142713922278,10.385042693743396,6.3282434333634106,10.163455004045918,9.236277751382755,10.013757450045844,7.495818984836838,7.7742442470239705,7.468489452712323,10.392983719787619,7.777220723077024,7.723146061121854,6.1023730165802075,6.581731585357859,8.41529711299607,9.050416654826783,23.23128063723288,24.780471101391125,21.926174215023668,7.457984337887436,6.898545932332741,18.6690262701,6.482659683247868,12.931551919777423,12.82483307445421,13.57780247961572,18.765310968356754,11.396504317555886,8.966338778806557
